     1        0   0.000
     2    12510   0.010
     3    25019   0.020
     4    37528   0.030
     5    50037   0.040
     6    62546   0.050
     7    75055   0.060
     8    87564   0.070
     9   100073   0.080
    10   112582   0.090
    11   125091   0.100
    12   137600   0.110
    13   150109   0.120
    14   162618   0.130
    15   175127   0.140
    16   187636   0.150
    17   200145   0.160
    18   212654   0.170
    19   225163   0.180
    20   237672   0.190
    21   250181   0.200
    22   262690   0.210
    23   275199   0.220
    24   287708   0.230
    25   300217   0.240
    26   312726   0.250
    27   325235   0.260
    28   337744   0.270
    29   350253   0.280
    30   362762   0.290
    31   375271   0.300
    32   387780   0.310
    33   400289   0.320
    34   412798   0.330
    35   425307   0.340
    36   437816   0.350
    37   450325   0.360
    38   462834   0.370
    39   475343   0.380
    40   487852   0.390
    41   500361   0.400
    42   512870   0.410
    43   525379   0.420
    44   537888   0.430
    45   550397   0.440
    46   562906   0.450
    47   575415   0.460
    48   587924   0.470
    49   600433   0.480
    50   612942   0.490
    51   625451   0.500
    52   637960   0.510
    53   650469   0.520
    54   662978   0.530
    55   675487   0.540
    56   687996   0.550
    57   700505   0.560
    58   713014   0.570
    59   725523   0.580
    60   738032   0.590
    61   750541   0.600
    62   763050   0.610
    63   775559   0.620
    64   788068   0.630
    65   800577   0.640
    66   813086   0.650
    67   825595   0.660
    68   838104   0.670
    69   850613   0.680
    70   863122   0.690
    71   875631   0.700
    72   888140   0.710
    73   900649   0.720
    74   913158   0.730
    75   925667   0.740
    76   938176   0.750
    77   950685   0.760
    78   963194   0.770
    79   975703   0.780
    80   988212   0.790
