     1        0   129600   0.000
     2    12510   129600   0.010
     3    25019   129600   0.020
     4    37528   129600   0.030
     5    50037   129600   0.040
     6    62546   129995   0.050
     7    75055   130562   0.060
     8    87564   131335   0.070
     9   100073   131335   0.080
    10   112582   131335   0.090
    11   125091   131935   0.100
    12   137600   131935   0.110
    13   150109   133644   0.120
    14   162618   133644   0.130
    15   175127   133644   0.140
    16   187636   133644   0.150
    17   200145   134243   0.160
    18   212654   134843   0.170
    19   225163   136237   0.180
    20   237672   136237   0.190
    21   250181   136237   0.200
    22   262690   136837   0.210
    23   275199   136837   0.220
    24   287708   139009   0.230
    25   300217   139009   0.240
    26   312726   139009   0.250
    27   325235   139609   0.260
    28   337744   139609   0.270
    29   350253   141755   0.280
    30   362762   141755   0.290
    31   375271   141755   0.300
    32   387780   141755   0.310
    33   400289   142355   0.320
    34   412798   142355   0.330
    35   425307   144629   0.340
    36   437816   144629   0.350
    37   450325   144629   0.360
    38   462834   145229   0.370
    39   475343   145229   0.380
    40   487852   147500   0.390
    41   500361   147500   0.400
    42   512870   147500   0.410
    43   525379   147500   0.420
    44   537888   148100   0.430
    45   550397   148100   0.440
    46   562906   150520   0.450
    47   575415   150520   0.460
    48   587924   150520   0.470
    49   600433   150520   0.480
    50   612942   151120   0.490
    51   625451   151720   0.500
    52   637960   153617   0.510
    53   650469   153617   0.520
    54   662978   153617   0.530
    55   675487   154217   0.540
    56   687996   154217   0.550
    57   700505   154817   0.560
    58   713014   156734   0.570
    59   725523   156734   0.580
    60   738032   156734   0.590
    61   750541   157334   0.600
    62   763050   157334   0.610
    63   775559   157934   0.620
    64   788068   157934   0.630
    65   800577   160446   0.640
    66   813086   160446   0.650
    67   825595   160446   0.660
    68   838104   160446   0.670
    69   850613   161035   0.680
    70   863122   161635   0.690
    71   875631   161635   0.700
    72   888140   164393   0.710
    73   900649   164393   0.720
    74   913158   164393   0.730
    75   925667   164393   0.740
    76   938176   164982   0.750
    77   950685   164982   0.760
    78   963194   165581   0.770
    79   975703   165581   0.780
    80   988212   168595   0.790
