     1     4000     1252   0.001
     2     4000     2503   0.002
     3     4000     3754   0.003
     4     4000     5005   0.004
     5     4000     6256   0.005
     6     4000     7507   0.006
     7     4000     8758   0.007
     8     4000    10009   0.008
     9     4000    11260   0.009
    10     4000    12511   0.010
    11     4000    13762   0.011
    12     4000    15013   0.012
    13     4000    16264   0.013
    14     4000    17515   0.014
    15     4000    18766   0.015
    16     4000    20017   0.016
    17     4000    21268   0.017
    18     4000    22519   0.018
    19     4000    23770   0.019
    20     4000    25021   0.020
    21     4000    26272   0.021
    22     4000    27523   0.022
    23     4000    28774   0.023
    24     4000    30025   0.024
    25     4000    31276   0.025
    26     4000    32527   0.026
    27     4000    33778   0.027
    28     4000    35029   0.028
    29     4000    36280   0.029
    30     4000    37531   0.030
    31     4000    38782   0.031
    32     4000    40033   0.032
    33     4000    41284   0.033
    34     4000    42535   0.034
    35     4000    43786   0.035
    36     4000    45037   0.036
    37     4000    46288   0.037
    38     4000    47539   0.038
    39     4000    48790   0.039
    40     4000    50041   0.040
    41     4000    51292   0.041
    42     4000    52543   0.042
    43     4000    53794   0.043
    44     4000    55045   0.044
    45     4000    56296   0.045
    46     4000    57547   0.046
    47     4000    58798   0.047
    48     4000    60049   0.048
    49     4000    61300   0.049
    50     4000    62551   0.050
    51     4000    63802   0.051
    52     4000    65053   0.052
    53     4000    66304   0.053
    54     4000    67555   0.054
    55     4000    68806   0.055
    56     4000    70057   0.056
    57     4000    71308   0.057
    58     4000    72559   0.058
    59     4000    73810   0.059
    60     4000    75061   0.060
    61     4000    76312   0.061
    62     4000    77563   0.062
    63     4000    78814   0.063
    64     4000    80065   0.064
    65     4000    81316   0.065
    66     4000    82567   0.066
    67     4000    83818   0.067
    68     4000    85069   0.068
    69     4000    86320   0.069
    70     4000    87571   0.070
    71     4000    88822   0.071
    72     4000    90073   0.072
    73     4000    91324   0.073
    74     4000    92575   0.074
    75     4000    93826   0.075
    76     4000    95077   0.076
    77     4000    96328   0.077
    78     4000    97579   0.078
    79     4000    98830   0.079
    80     4000   100081   0.080
    81     4000   101332   0.081
    82     4000   102583   0.082
    83     4000   103834   0.083
    84     4000   105085   0.084
    85     4000   106336   0.085
    86     4000   107587   0.086
    87     4000   108838   0.087
    88     4000   110089   0.088
    89     4000   111340   0.089
    90     4000   112591   0.090
    91     4000   113842   0.091
    92     4000   115093   0.092
    93     4000   116344   0.093
    94     4000   117595   0.094
    95     4000   118846   0.095
    96     4000   120097   0.096
    97     4000   121348   0.097
    98     4000   122599   0.098
    99     4000   123850   0.099
   100     4000   125101   0.100
   101     4000   126352   0.101
   102     4000   127603   0.102
   103     4000   128854   0.103
   104     4000   130105   0.104
   105     4000   131356   0.105
   106     4000   132607   0.106
   107     4000   133858   0.107
   108     4000   135109   0.108
   109     4000   136360   0.109
   110     4000   137611   0.110
   111     4000   138862   0.111
   112     4000   140113   0.112
   113     4000   141364   0.113
   114     4000   142615   0.114
   115     4000   143866   0.115
   116     4000   145117   0.116
   117     4000   146368   0.117
   118     4000   147619   0.118
   119     4000   148870   0.119
   120     4000   150121   0.120
   121     4000   151372   0.121
   122     4000   152623   0.122
   123     4000   153874   0.123
   124     4000   155125   0.124
   125     4000   156376   0.125
   126     4000   157627   0.126
   127     4000   158878   0.127
   128     4000   160129   0.128
   129     4000   161380   0.129
   130     4000   162631   0.130
   131     4000   163882   0.131
   132     4000   165133   0.132
   133     4000   166384   0.133
   134     4000   167635   0.134
   135     4000   168886   0.135
   136     4000   170137   0.136
   137     4000   171388   0.137
   138     4000   172639   0.138
   139     4000   173890   0.139
   140     4000   175141   0.140
   141     4000   176392   0.141
   142     4000   177643   0.142
   143     4000   178894   0.143
   144     4000   180145   0.144
   145     4000   181396   0.145
   146     4000   182647   0.146
   147     4000   183898   0.147
   148     4000   185149   0.148
   149     4000   186400   0.149
   150     4000   187651   0.150
   151     4000   188902   0.151
   152     4000   190153   0.152
   153     4000   191404   0.153
   154     4000   192655   0.154
   155     4000   193906   0.155
   156     4000   195157   0.156
   157     4000   196408   0.157
   158     4000   197659   0.158
   159     4000   198910   0.159
   160     4000   200161   0.160
   161     4000   201412   0.161
   162     4000   202663   0.162
   163     4000   203914   0.163
   164     4000   205165   0.164
   165     4000   206416   0.165
   166     4000   207667   0.166
   167     4000   208918   0.167
   168     4000   210169   0.168
   169     4000   211420   0.169
   170     4000   212671   0.170
   171     4000   213922   0.171
   172     4000   215173   0.172
   173     4000   216424   0.173
   174     4000   217675   0.174
   175     4000   218926   0.175
   176     4000   220177   0.176
   177     4000   221428   0.177
   178     4000   222679   0.178
   179     4000   223930   0.179
   180     4000   225181   0.180
   181     4000   226432   0.181
   182     4000   227683   0.182
   183     4000   228934   0.183
   184     4000   230185   0.184
   185     4000   231436   0.185
   186     4000   232687   0.186
   187     4000   233938   0.187
   188     4000   235189   0.188
   189     4000   236440   0.189
   190     4000   237691   0.190
   191     4000   238942   0.191
   192     4000   240193   0.192
   193     4000   241444   0.193
   194     4000   242695   0.194
   195     4000   243946   0.195
   196     4000   245197   0.196
   197     4000   246448   0.197
   198     4000   247699   0.198
   199     4000   248950   0.199
   200     4000   250201   0.200
   201     4000   251452   0.201
   202     4000   252703   0.202
   203     4000   253954   0.203
   204     4000   255205   0.204
   205     4000   256456   0.205
   206     4000   257707   0.206
   207     4000   258958   0.207
   208     4000   260209   0.208
   209     4000   261460   0.209
   210     4000   262711   0.210
   211     4000   263962   0.211
   212     4000   265213   0.212
   213     4000   266464   0.213
   214     4000   267715   0.214
   215     4000   268966   0.215
   216     4000   270217   0.216
   217     4000   271468   0.217
   218     4000   272719   0.218
   219     4000   273970   0.219
   220     4000   275221   0.220
   221     4000   276472   0.221
   222     4000   277723   0.222
   223     4000   278974   0.223
   224     4000   280225   0.224
   225     4000   281476   0.225
   226     4000   282727   0.226
   227     4000   283978   0.227
   228     4000   285229   0.228
   229     4000   286480   0.229
   230     4000   287731   0.230
   231     4000   288982   0.231
   232     4000   290233   0.232
   233     4000   291484   0.233
   234     4000   292735   0.234
   235     4000   293986   0.235
   236     4000   295237   0.236
   237     4000   296488   0.237
   238     4000   297739   0.238
   239     4000   298990   0.239
   240     4000   300241   0.240
   241     4000   301492   0.241
   242     4000   302743   0.242
   243     4000   303994   0.243
   244     4000   305245   0.244
   245     4000   306496   0.245
   246     4000   307747   0.246
   247     4000   308998   0.247
   248     4000   310249   0.248
   249     4000   311500   0.249
   250     4000   312751   0.250
   251     4000   314002   0.251
   252     4000   315253   0.252
   253     4000   316504   0.253
   254     4000   317755   0.254
   255     4000   319006   0.255
   256     4000   320257   0.256
   257     4000   321508   0.257
   258     4000   322759   0.258
   259     4000   324010   0.259
   260     4000   325261   0.260
   261     4000   326512   0.261
   262     4000   327763   0.262
   263     4000   329014   0.263
   264     4000   330265   0.264
   265     4000   331516   0.265
   266     4000   332767   0.266
   267     4000   334018   0.267
   268     4000   335269   0.268
   269     4000   336520   0.269
   270     4000   337771   0.270
   271     4000   339022   0.271
   272     4000   340273   0.272
   273     4000   341524   0.273
   274     4000   342775   0.274
   275     4000   344026   0.275
   276     4000   345277   0.276
   277     4000   346528   0.277
   278     4000   347779   0.278
   279     4000   349030   0.279
   280     4000   350281   0.280
   281     4000   351532   0.281
   282     4000   352783   0.282
   283     4000   354034   0.283
   284     4000   355285   0.284
   285     4000   356536   0.285
   286     4000   357787   0.286
   287     4000   359038   0.287
   288     4000   360289   0.288
   289     4000   361540   0.289
   290     4000   362791   0.290
   291     4000   364042   0.291
   292     4000   365293   0.292
   293     4000   366544   0.293
   294     4000   367795   0.294
   295     4000   369046   0.295
   296     4000   370297   0.296
   297     4000   371548   0.297
   298     4000   372799   0.298
   299     4000   374050   0.299
   300     4000   375301   0.300
   301     4000   376552   0.301
   302     4000   377803   0.302
   303     4000   379054   0.303
   304     4000   380305   0.304
   305     4000   381556   0.305
   306     4000   382807   0.306
   307     4000   384058   0.307
   308     4000   385309   0.308
   309     4000   386560   0.309
   310     4000   387811   0.310
   311     4000   389062   0.311
   312     4000   390313   0.312
   313     4000   391564   0.313
   314     4000   392815   0.314
   315     4000   394066   0.315
   316     4000   395317   0.316
   317     4000   396568   0.317
   318     4000   397819   0.318
   319     4000   399070   0.319
   320     4000   400321   0.320
   321     4000   401572   0.321
   322     4000   402823   0.322
   323     4000   404074   0.323
   324     4000   405325   0.324
   325     4000   406576   0.325
   326     4000   407827   0.326
   327     4000   409078   0.327
   328     4000   410329   0.328
   329     4000   411580   0.329
   330     4000   412831   0.330
   331     4000   414082   0.331
   332     4000   415333   0.332
   333     4000   416584   0.333
   334     4000   417835   0.334
   335     4000   419086   0.335
   336     4000   420337   0.336
   337     4000   421588   0.337
   338     4000   422839   0.338
   339     4000   424090   0.339
   340     4000   425341   0.340
   341     4000   426592   0.341
   342     4000   427843   0.342
   343     4000   429094   0.343
   344     4000   430345   0.344
   345     4000   431596   0.345
   346     4000   432847   0.346
   347     4000   434098   0.347
   348     4000   435349   0.348
   349     4000   436600   0.349
   350     4000   437851   0.350
   351     4000   439102   0.351
   352     4000   440353   0.352
   353     4000   441604   0.353
   354     4000   442855   0.354
   355     4000   444106   0.355
   356     4000   445357   0.356
   357     4000   446608   0.357
   358     4000   447859   0.358
   359     4000   449110   0.359
   360     4000   450361   0.360
   361     4000   451612   0.361
   362     4000   452863   0.362
   363     4000   454114   0.363
   364     4000   455365   0.364
   365     4000   456616   0.365
   366     4000   457867   0.366
   367     4000   459118   0.367
   368     4000   460369   0.368
   369     4000   461620   0.369
   370     4000   462871   0.370
   371     4000   464122   0.371
   372     4000   465373   0.372
   373     4000   466624   0.373
   374     4000   467875   0.374
   375     4000   469126   0.375
   376     4000   470377   0.376
   377     4000   471628   0.377
   378     4000   472879   0.378
   379     4000   474130   0.379
   380     4000   475381   0.380
   381     4000   476632   0.381
   382     4000   477883   0.382
   383     4000   479134   0.383
   384     4000   480385   0.384
   385     4000   481636   0.385
   386     4000   482887   0.386
   387     4000   484138   0.387
   388     4000   485389   0.388
   389     4000   486640   0.389
   390     4000   487891   0.390
   391     4000   489142   0.391
   392     4000   490393   0.392
   393     4000   491644   0.393
   394     4000   492895   0.394
   395     4000   494146   0.395
   396     4000   495397   0.396
   397     4000   496648   0.397
   398     4000   497899   0.398
   399     4000   499150   0.399
   400     4000   500401   0.400
   401     4000   501652   0.401
   402     4000   502903   0.402
   403     4000   504154   0.403
   404     4000   505405   0.404
   405     4000   506656   0.405
   406     4000   507907   0.406
   407     4000   509158   0.407
   408     4000   510409   0.408
   409     4000   511660   0.409
   410     4000   512911   0.410
   411     4000   514162   0.411
   412     4000   515413   0.412
   413     4000   516664   0.413
   414     4000   517915   0.414
   415     4000   519166   0.415
   416     4000   520417   0.416
   417     4000   521668   0.417
   418     4000   522919   0.418
   419     4000   524170   0.419
   420     4000   525421   0.420
   421     4000   526672   0.421
   422     4000   527923   0.422
   423     4000   529174   0.423
   424     4000   530425   0.424
   425     4000   531676   0.425
   426     4000   532927   0.426
   427     4000   534178   0.427
   428     4000   535429   0.428
   429     4000   536680   0.429
   430     4000   537931   0.430
   431     4000   539182   0.431
   432     4000   540433   0.432
   433     4000   541684   0.433
   434     4000   542935   0.434
   435     4000   544186   0.435
   436     4000   545437   0.436
   437     4000   546688   0.437
   438     4000   547939   0.438
   439     4000   549190   0.439
   440     4000   550441   0.440
   441     4000   551692   0.441
   442     4000   552943   0.442
   443     4000   554194   0.443
   444     4000   555445   0.444
   445     4000   556696   0.445
   446     4000   557947   0.446
   447     4000   559198   0.447
   448     4000   560449   0.448
   449     4000   561700   0.449
   450     4000   562951   0.450
   451     4000   564202   0.451
   452     4000   565453   0.452
   453     4000   566704   0.453
   454     4000   567955   0.454
   455     4000   569206   0.455
   456     4000   570457   0.456
   457     4000   571708   0.457
   458     4000   572959   0.458
   459     4000   574210   0.459
   460     4000   575461   0.460
   461     4000   576712   0.461
   462     4000   577963   0.462
   463     4000   579214   0.463
   464     4000   580465   0.464
   465     4000   581716   0.465
   466     4000   582967   0.466
   467     4000   584218   0.467
   468     4000   585469   0.468
   469     4000   586720   0.469
   470     4000   587971   0.470
   471     4000   589222   0.471
   472     4000   590473   0.472
   473     4000   591724   0.473
   474     4000   592975   0.474
   475     4000   594226   0.475
   476     4000   595477   0.476
   477     4000   596728   0.477
   478     4000   597979   0.478
   479     4000   599230   0.479
   480     4000   600481   0.480
   481     4000   601732   0.481
   482     4000   602983   0.482
   483     4000   604234   0.483
   484     4000   605485   0.484
   485     4000   606736   0.485
   486     4000   607987   0.486
   487     4000   609238   0.487
   488     4000   610489   0.488
   489     4000   611740   0.489
   490     4000   612991   0.490
   491     4000   614242   0.491
   492     4000   615493   0.492
   493     4000   616744   0.493
   494     4000   617995   0.494
   495     4000   619246   0.495
   496     4000   620497   0.496
   497     4000   621748   0.497
   498     4000   622999   0.498
   499     4000   624250   0.499
   500     4000   625501   0.500
   501     4000   626752   0.501
   502     4000   628003   0.502
   503     4000   629254   0.503
   504     4000   630505   0.504
   505     4000   631756   0.505
   506     4000   633007   0.506
   507     4000   634258   0.507
   508     4000   635509   0.508
   509     4000   636760   0.509
   510     4000   638011   0.510
   511     4000   639262   0.511
   512     4000   640513   0.512
   513     4000   641764   0.513
   514     4000   643015   0.514
   515     4000   644266   0.515
   516     4000   645517   0.516
   517     4000   646768   0.517
   518     4000   648019   0.518
   519     4000   649270   0.519
   520     4000   650521   0.520
   521     4000   651772   0.521
   522     4000   653023   0.522
   523     4000   654274   0.523
   524     4000   655525   0.524
   525     4000   656776   0.525
   526     4000   658027   0.526
   527     4000   659278   0.527
   528     4000   660529   0.528
   529     4000   661780   0.529
   530     4000   663031   0.530
   531     4000   664282   0.531
   532     4000   665533   0.532
   533     4000   666784   0.533
   534     4000   668035   0.534
   535     4000   669286   0.535
   536     4000   670537   0.536
   537     4000   671788   0.537
   538     4000   673039   0.538
   539     4000   674290   0.539
   540     4000   675541   0.540
   541     4000   676792   0.541
   542     4000   678043   0.542
   543     4000   679294   0.543
   544     4000   680545   0.544
   545     4000   681796   0.545
   546     4000   683047   0.546
   547     4000   684298   0.547
   548     4000   685549   0.548
   549     4000   686800   0.549
   550     4000   688051   0.550
   551     4000   689302   0.551
   552     4000   690553   0.552
   553     4000   691804   0.553
   554     4000   693055   0.554
   555     4000   694306   0.555
   556     4000   695557   0.556
   557     4000   696808   0.557
   558     4000   698059   0.558
   559     4000   699310   0.559
   560     4000   700561   0.560
   561     4000   701812   0.561
   562     4000   703063   0.562
   563     4000   704314   0.563
   564     4000   705565   0.564
   565     4000   706816   0.565
   566     4000   708067   0.566
   567     4000   709318   0.567
   568     4000   710569   0.568
   569     4000   711820   0.569
   570     4000   713071   0.570
   571     4000   714322   0.571
   572     4000   715573   0.572
   573     4000   716824   0.573
   574     4000   718075   0.574
   575     4000   719326   0.575
   576     4000   720577   0.576
   577     4000   721828   0.577
   578     4000   723079   0.578
   579     4000   724330   0.579
   580     4000   725581   0.580
   581     4000   726832   0.581
   582     4000   728083   0.582
   583     4000   729334   0.583
   584     4000   730585   0.584
   585     4000   731836   0.585
   586     4000   733087   0.586
   587     4000   734338   0.587
   588     4000   735589   0.588
   589     4000   736840   0.589
   590     4000   738091   0.590
   591     4000   739342   0.591
   592     4000   740593   0.592
   593     4000   741844   0.593
   594     4000   743095   0.594
   595     4000   744346   0.595
   596     4000   745597   0.596
   597     4000   746848   0.597
   598     4000   748099   0.598
   599     4000   749350   0.599
   600     4000   750601   0.600
   601     4000   751852   0.601
   602     4000   753103   0.602
   603     4000   754354   0.603
   604     4000   755605   0.604
   605     4000   756856   0.605
   606     4000   758107   0.606
   607     4000   759358   0.607
   608     4000   760609   0.608
   609     4000   761860   0.609
   610     4000   763111   0.610
   611     4000   764362   0.611
   612     4000   765613   0.612
   613     4000   766864   0.613
   614     4000   768115   0.614
   615     4000   769366   0.615
   616     4000   770617   0.616
   617     4000   771868   0.617
   618     4000   773119   0.618
   619     4000   774370   0.619
   620     4000   775621   0.620
   621     4000   776872   0.621
   622     4000   778123   0.622
   623     4000   779374   0.623
   624     4000   780625   0.624
   625     4000   781876   0.625
   626     4000   783127   0.626
   627     4000   784378   0.627
   628     4000   785629   0.628
   629     4000   786880   0.629
   630     4000   788131   0.630
   631     4000   789382   0.631
   632     4000   790633   0.632
   633     4000   791884   0.633
   634     4000   793135   0.634
   635     4000   794386   0.635
   636     4000   795637   0.636
   637     4000   796888   0.637
   638     4000   798139   0.638
   639     4000   799390   0.639
   640     4000   800641   0.640
   641     4000   801892   0.641
   642     4000   803143   0.642
   643     4000   804394   0.643
   644     4000   805645   0.644
   645     4000   806896   0.645
   646     4000   808147   0.646
   647     4000   809398   0.647
   648     4000   810649   0.648
   649     4000   811900   0.649
   650     4000   813151   0.650
   651     4000   814402   0.651
   652     4000   815653   0.652
   653     4000   816904   0.653
   654     4000   818155   0.654
   655     4000   819406   0.655
   656     4000   820657   0.656
   657     4000   821908   0.657
   658     4000   823159   0.658
   659     4000   824410   0.659
   660     4000   825661   0.660
   661     4000   826912   0.661
   662     4000   828163   0.662
   663     4000   829414   0.663
   664     4000   830665   0.664
   665     4000   831916   0.665
   666     4000   833167   0.666
   667     4000   834418   0.667
   668     4000   835669   0.668
   669     4000   836920   0.669
   670     4000   838171   0.670
   671     4000   839422   0.671
   672     4000   840673   0.672
   673     4000   841924   0.673
   674     4000   843175   0.674
   675     4000   844426   0.675
   676     4000   845677   0.676
   677     4000   846928   0.677
   678     4000   848179   0.678
   679     4000   849430   0.679
   680     4000   850681   0.680
   681     4000   851932   0.681
   682     4000   853183   0.682
   683     4000   854434   0.683
   684     4000   855685   0.684
   685     4000   856936   0.685
   686     4000   858187   0.686
   687     4000   859438   0.687
   688     4000   860689   0.688
   689     4000   861940   0.689
   690     4000   863191   0.690
   691     4000   864442   0.691
   692     4000   865693   0.692
   693     4000   866944   0.693
   694     4000   868195   0.694
   695     4000   869446   0.695
   696     4000   870697   0.696
   697     4000   871948   0.697
   698     4000   873199   0.698
   699     4000   874450   0.699
   700     4000   875701   0.700
   701     4000   876952   0.701
   702     4000   878203   0.702
   703     4000   879454   0.703
   704     4000   880705   0.704
   705     4000   881956   0.705
   706     4000   883207   0.706
   707     4000   884458   0.707
   708     4000   885709   0.708
   709     4000   886960   0.709
   710     4000   888211   0.710
   711     4000   889462   0.711
   712     4000   890713   0.712
   713     4000   891964   0.713
   714     4000   893215   0.714
   715     4000   894466   0.715
   716     4000   895717   0.716
   717     4000   896968   0.717
   718     4000   898219   0.718
   719     4000   899470   0.719
   720     4000   900721   0.720
   721     4000   901972   0.721
   722     4000   903223   0.722
   723     4000   904474   0.723
   724     4000   905725   0.724
   725     4000   906976   0.725
   726     4000   908227   0.726
   727     4000   909478   0.727
   728     4000   910729   0.728
   729     4000   911980   0.729
   730     4000   913231   0.730
   731     4000   914482   0.731
   732     4000   915733   0.732
   733     4000   916984   0.733
   734     4000   918235   0.734
   735     4000   919486   0.735
   736     4000   920737   0.736
   737     4000   921988   0.737
   738     4000   923239   0.738
   739     4000   924490   0.739
   740     4000   925741   0.740
   741     4000   926992   0.741
   742     4000   928243   0.742
   743     4000   929494   0.743
   744     4000   930745   0.744
   745     4000   931996   0.745
   746     4000   933247   0.746
   747     4000   934498   0.747
   748     4000   935749   0.748
   749     4000   937000   0.749
   750     4000   938251   0.750
   751     4000   939502   0.751
   752     4000   940753   0.752
   753     4000   942004   0.753
   754     4000   943255   0.754
   755     4000   944506   0.755
   756     4000   945757   0.756
   757     4000   947008   0.757
   758     4000   948259   0.758
   759     4000   949510   0.759
   760     4000   950761   0.760
   761     4000   952012   0.761
   762     4000   953263   0.762
   763     4000   954514   0.763
   764     4000   955765   0.764
   765     4000   957016   0.765
   766     4000   958267   0.766
   767     4000   959518   0.767
   768     4000   960769   0.768
   769     4000   962020   0.769
   770     4000   963271   0.770
   771     4000   964522   0.771
   772     4000   965773   0.772
   773     4000   967024   0.773
   774     4000   968275   0.774
   775     4000   969526   0.775
   776     4000   970777   0.776
   777     4000   972028   0.777
   778     4000   973279   0.778
   779     4000   974530   0.779
   780     4000   975781   0.780
   781     4000   977032   0.781
   782     4000   978283   0.782
   783     4000   979534   0.783
   784     4000   980785   0.784
   785     4000   982036   0.785
   786     4000   983287   0.786
   787     4000   984538   0.787
   788     4000   985789   0.788
   789     4000   987040   0.789
   790     4000   988291   0.790
   791     4000   989542   0.791
   792     4000   990793   0.792
   793     4000   992044   0.793
   794     4000   993295   0.794
